[gd_scene load_steps=11 format=3 uid="uid://dbc0sc4s17erd"]

[ext_resource type="Environment" uid="uid://bqnqgflivjvue" path="res://scenes/main-environment.tres" id="1_hbshb"]
[ext_resource type="PackedScene" uid="uid://cnymdajj1vsqm" path="res://objects/platform.tscn" id="2_w68vq"]
[ext_resource type="PackedScene" uid="uid://rjh4ifidqrfp" path="res://objects/platform_medium.tscn" id="3_sayxq"]
[ext_resource type="PackedScene" uid="uid://dbmkur7544e82" path="res://flag.tscn" id="4_ol6ae"]
[ext_resource type="PackedScene" uid="uid://dfpisimsgf5ce" path="res://objects/coin.tscn" id="5_u88tv"]
[ext_resource type="PackedScene" uid="uid://dy017k58p20sk" path="res://objects/cloud.tscn" id="6_582i7"]
[ext_resource type="PackedScene" uid="uid://dl2ed4gkybggf" path="res://objects/player.tscn" id="7_xgktc"]
[ext_resource type="PackedScene" uid="uid://dbb5xpyaqtabg" path="res://objects/player2.tscn" id="8_t704e"]
[ext_resource type="Texture2D" uid="uid://csn5q1hkfae20" path="res://icon.png" id="9_b1ntc"]

[sub_resource type="BoxShape3D" id="BoxShape3D_klbbp"]
size = Vector3(0.524902, 1.32788, 0.881348)

[node name="gamebackground3d" type="Node3D"]

[node name="WorldEnvironment" type="WorldEnvironment" parent="."]
environment = ExtResource("1_hbshb")

[node name="world" type="Node3D" parent="."]

[node name="platform" parent="world" instance=ExtResource("2_w68vq")]
transform = Transform3D(0.993085, 0, -0.117399, 0, 1, 0, 0.117399, 0, 0.993085, -1.2918, -0.512333, 0)

[node name="platform5" parent="world" instance=ExtResource("2_w68vq")]
transform = Transform3D(0.993085, 0, -0.117399, 0, 1, 0, 0.117399, 0, 0.993085, 1.16368, -0.512333, 0)

[node name="platform-medium3" parent="world" instance=ExtResource("3_sayxq")]
transform = Transform3D(1, 0, 0, 0, 1, 0, 0, 0, 1, -1.2918, 2.48767, -6)

[node name="flag2" parent="world" instance=ExtResource("4_ol6ae")]
transform = Transform3D(0.707107, 0, -0.707107, 0, 1, 0, 0.707107, 0, 0.707107, -1.2918, 2.96867, -6)

[node name="flagcolision" type="Area3D" parent="world/flag2"]
transform = Transform3D(1, 0, 0, 0, 1, 0, 0, 0, 1, -0.00315189, 0.17724, -0.0138445)

[node name="CollisionShape3D" type="CollisionShape3D" parent="world/flag2/flagcolision"]
transform = Transform3D(1, 0, 0, 0, 1, 0, 0, 0, 1, 0.0168457, 0.667603, 0.275146)
shape = SubResource("BoxShape3D_klbbp")

[node name="coin9" parent="world" instance=ExtResource("5_u88tv")]
transform = Transform3D(1, 0, 0, 0, 1, 0, 0, 0, 1, -1.2918, 4.48767, -6)

[node name="cube8" parent="world" instance=ExtResource("6_582i7")]
transform = Transform3D(1, 0, 0, 0, 1, 0, 0, 0, 1, 0.257703, 0.595077, -2.666)

[node name="cube9" parent="world" instance=ExtResource("6_582i7")]
transform = Transform3D(1.27593, -0.401864, 0.422933, 0.471408, 1.30937, -0.178025, -0.343721, 0.304009, 1.32582, 2.04358, 0.859127, -4.1932)

[node name="Players" type="Node3D" parent="."]

[node name="Player" parent="Players" instance=ExtResource("7_xgktc")]
transform = Transform3D(1, 0, 0, 0, 1, 0, 0, 0, 1, -1.26497, 0.00515628, 0)

[node name="Player2" parent="Players" instance=ExtResource("8_t704e")]
transform = Transform3D(1, 0, 0, 0, 1, 0, 0, 0, 1, 1.15711, -0.0229058, 0)
player_id = 2

[node name="Camera3D" type="Camera3D" parent="."]
transform = Transform3D(1, 0, 0, 0, 0.975989, 0.21782, 0, -0.21782, 0.975989, -0.0185196, 1.11727, 2.50607)

[node name="Sprite3D" type="Sprite3D" parent="."]
transform = Transform3D(1, 0, 0, 0, 1, 0, 0, 0, 1, -4.87145, 0.803776, -2.3134)
texture = ExtResource("9_b1ntc")
